12 10
720 381 617 301 584 645 197 980 430 542 823 412 
MARY           1823 131 1995 763 694 1970 508 689 537 45 1687 1758
PATRICIA       340 1408 655 1599 507 1810 699 1579 1543 1668 233 127
LINDA          1313 1782 108 1743 1676 283 1507 1499 766 1502 263 1461
BARBARA        1472 771 150 361 1168 189 119 1861 1598 1126 1812 105
ELIZABETH      936 863 37 479 531 270 959 1844 52 1419 1939 1729
JENNIFER       1702 1446 1580 469 948 195 1930 773 1318 80 1486 839
MARIA          270 1958 700 220 1084 864 677 373 1728 714 1204 259
SUSAN          1336 163 456 1389 1582 395 1470 1285 194 1402 106 1494
MARGARET       1598 36 619 1268 468 106 107 738 64 1159 1310 1500
DOROTHY        24 1988 1873 1752 702 1078 363 39 1593 819 1780 1176